SEQRES_seq	PDB_seq	PDB_num	CIF_num	renum_num	gap	hetatm	corrected	no_fullbb	no_ca	UnP_seq	UnP_num	UnP_ID
M	-	1	1	1	1	0	0	0	0			
T	-	2	2	2	1	0	0	0	0			
N	N	3	3	3	0	0	0	0	0	N	3	D3G6S4
P	P	4	4	4	0	0	0	0	0	P	4	D3G6S4
S	S	5	5	5	0	0	0	0	0	S	5	D3G6S4
N	N	6	6	6	0	0	0	0	0	N	6	D3G6S4
S	S	7	7	7	0	0	0	0	0	S	7	D3G6S4
N	N	8	8	8	0	0	0	0	0	N	8	D3G6S4
L	L	9	9	9	0	0	0	0	0	L	9	D3G6S4
Q	Q	10	10	10	0	0	0	0	0	Q	10	D3G6S4
A	A	11	11	11	0	0	0	0	0	A	11	D3G6S4
L	L	12	12	12	0	0	0	0	0	L	12	D3G6S4
R	R	13	13	13	0	0	0	0	0	R	13	D3G6S4
E	E	14	14	14	0	0	0	0	0	E	14	D3G6S4
E	E	15	15	15	0	0	0	0	0	E	15	D3G6S4
L	L	16	16	16	0	0	0	0	0	L	16	D3G6S4
C	C	17	17	17	0	0	0	0	0	C	17	D3G6S4
T	T	18	18	18	0	0	0	0	0	T	18	D3G6S4
P	P	19	19	19	0	0	0	0	0	P	19	D3G6S4
G	G	20	20	20	0	0	0	0	0	G	20	D3G6S4
L	L	21	21	21	0	0	0	0	0	L	21	D3G6S4
D	D	22	22	22	0	0	0	0	0	D	22	D3G6S4
Q	Q	23	23	23	0	0	0	0	0	Q	23	D3G6S4
G	G	24	24	24	0	0	0	0	0	G	24	D3G6S4
H	H	25	25	25	0	0	0	0	0	H	25	D3G6S4
L	L	26	26	26	0	0	0	0	0	L	26	D3G6S4
F	F	27	27	27	0	0	0	0	0	F	27	D3G6S4
E	E	28	28	28	0	0	0	0	0	E	28	D3G6S4
G	G	29	29	29	0	0	0	0	0	G	29	D3G6S4
W	W	30	30	30	0	0	0	0	0	W	30	D3G6S4
P	P	31	31	31	0	0	0	0	0	P	31	D3G6S4
E	E	32	32	32	0	0	0	0	0	E	32	D3G6S4
T	T	33	33	33	0	0	0	0	0	T	33	D3G6S4
V	V	34	34	34	0	0	0	0	0	V	34	D3G6S4
D	D	35	35	35	0	0	0	0	0	D	35	D3G6S4
E	E	36	36	36	0	0	0	0	0	E	36	D3G6S4
C	C	37	37	37	0	0	0	0	0	C	37	D3G6S4
N	N	38	38	38	0	0	0	0	0	N	38	D3G6S4
E	E	39	39	39	0	0	0	0	0	E	39	D3G6S4
R	R	40	40	40	0	0	0	0	0	R	40	D3G6S4
Q	Q	41	41	41	0	0	0	0	0	Q	41	D3G6S4
I	I	42	42	42	0	0	0	0	0	I	42	D3G6S4
A	A	43	43	43	0	0	0	0	0	A	43	D3G6S4
L	L	44	44	44	0	0	0	0	0	L	44	D3G6S4
L	L	45	45	45	0	0	0	0	0	L	45	D3G6S4
T	T	46	46	46	0	0	0	0	0	T	46	D3G6S4
D	D	47	47	47	0	0	0	0	0	D	47	D3G6S4
L	L	48	48	48	0	0	0	0	0	L	48	D3G6S4
Y	Y	49	49	49	0	0	0	0	0	Y	49	D3G6S4
M	M	50	50	50	0	0	0	0	0	M	50	D3G6S4
F	F	51	51	51	0	0	0	0	0	F	51	D3G6S4
S	S	52	52	52	0	0	0	0	0	S	52	D3G6S4
N	N	53	53	53	0	0	0	0	0	N	53	D3G6S4
M	M	54	54	54	0	0	0	0	0	M	54	D3G6S4
Y	Y	55	55	55	0	0	0	0	0	Y	55	D3G6S4
P	P	56	56	56	0	0	0	0	0	P	56	D3G6S4
G	G	57	57	57	0	0	0	0	0	G	57	D3G6S4
G	G	58	58	58	0	0	0	0	0	G	58	D3G6S4
V	V	59	59	59	0	0	0	0	0	V	59	D3G6S4
A	A	60	60	60	0	0	0	0	0	A	60	D3G6S4
Q	Q	61	61	61	0	0	0	0	0	Q	61	D3G6S4
Y	Y	62	62	62	0	0	0	0	0	Y	62	D3G6S4
I	I	63	63	63	0	0	0	0	0	I	63	D3G6S4
R	R	64	64	64	0	0	0	0	0	R	64	D3G6S4
N	N	65	65	65	0	0	0	0	0	N	65	D3G6S4
G	G	66	66	66	0	0	0	0	0	G	66	D3G6S4
H	H	67	67	67	0	0	0	0	0	H	67	D3G6S4
E	E	68	68	68	0	0	0	0	0	E	68	D3G6S4
L	L	69	69	69	0	0	0	0	0	L	69	D3G6S4
L	L	70	70	70	0	0	0	0	0	L	70	D3G6S4
A	A	71	71	71	0	0	0	0	0	A	71	D3G6S4
R	R	72	72	72	0	0	0	0	0	R	72	D3G6S4
E	E	73	73	73	0	0	0	0	0	E	73	D3G6S4
S	S	74	74	74	0	0	0	0	0	S	74	D3G6S4
E	E	75	75	75	0	0	0	0	0	E	75	D3G6S4
E	E	76	76	76	0	0	0	0	0	E	76	D3G6S4
V	V	77	77	77	0	0	0	0	0	V	77	D3G6S4
D	D	78	78	78	0	0	0	0	0	D	78	D3G6S4
F	F	79	79	79	0	0	0	0	0	F	79	D3G6S4
A	A	80	80	80	0	0	0	0	0	A	80	D3G6S4
A	A	81	81	81	0	0	0	0	0	A	81	D3G6S4
L	L	82	82	82	0	0	0	0	0	L	82	D3G6S4
E	E	83	83	83	0	0	0	0	0	E	83	D3G6S4
M	M	84	84	84	0	0	0	0	0	M	84	D3G6S4
P	P	85	85	85	0	0	0	0	0	P	85	D3G6S4
P	P	86	86	86	0	0	0	0	0	P	86	D3G6S4
L	L	87	87	87	0	0	0	0	0	L	87	D3G6S4
I	I	88	88	88	0	0	0	0	0	I	88	D3G6S4
F	F	89	89	89	0	0	0	0	0	F	89	D3G6S4
E	E	90	90	90	0	0	0	0	0	E	90	D3G6S4
A	A	91	91	91	0	0	0	0	0	A	91	D3G6S4
P	P	92	92	92	0	0	0	0	0	P	92	D3G6S4
S	S	93	93	93	0	0	0	0	0	S	93	D3G6S4
L	L	94	94	94	0	0	0	0	0	L	94	D3G6S4
H	H	95	95	95	0	0	0	0	0	H	95	D3G6S4
R	R	96	96	96	0	0	0	0	0	R	96	D3G6S4
R	R	97	97	97	0	0	0	0	0	R	97	D3G6S4
T	T	98	98	98	0	0	0	0	0	T	98	D3G6S4
A	A	99	99	99	0	0	0	0	0	A	99	D3G6S4
E	E	100	100	100	0	0	0	0	0	E	100	D3G6S4
R	R	101	101	101	0	0	0	0	0	R	101	D3G6S4
T	T	102	102	102	0	0	0	0	0	T	102	D3G6S4
A	A	103	103	103	0	0	0	0	0	A	103	D3G6S4
L	L	104	104	104	0	0	0	0	0	L	104	D3G6S4
E	E	105	105	105	0	0	0	0	0	E	105	D3G6S4
N	N	106	106	106	0	0	0	0	0	N	106	D3G6S4
A	A	107	107	107	0	0	0	0	0	A	107	D3G6S4
G	G	108	108	108	0	0	0	0	0	G	108	D3G6S4
T	T	109	109	109	0	0	0	0	0	T	109	D3G6S4
A	A	110	110	110	0	0	0	0	0	A	110	D3G6S4
M	M	111	111	111	0	0	0	0	0	M	111	D3G6S4
L	L	112	112	112	0	0	0	0	0	L	112	D3G6S4
C	C	113	113	113	0	0	0	0	0	C	113	D3G6S4
K	K	114	114	114	0	0	0	0	0	K	114	D3G6S4
T	T	115	115	115	0	0	0	0	0	T	115	D3G6S4
V	V	116	116	116	0	0	0	0	0	V	116	D3G6S4
F	F	117	117	117	0	0	0	0	0	F	117	D3G6S4
V	V	118	118	118	0	0	0	0	0	V	118	D3G6S4
L	L	119	119	119	0	0	0	0	0	L	119	D3G6S4
V	V	120	120	120	0	0	0	0	0	V	120	D3G6S4
A	A	121	121	121	0	0	0	0	0	A	121	D3G6S4
G	G	122	122	122	0	0	0	0	0	G	122	D3G6S4
G	G	123	123	123	0	0	0	0	0	G	123	D3G6S4
L	L	124	124	124	0	0	0	0	0	L	124	D3G6S4
G	G	125	125	125	0	0	0	0	0	G	125	D3G6S4
E	E	126	126	126	0	0	0	0	0	E	126	D3G6S4
R	R	127	127	127	0	0	0	0	0	R	127	D3G6S4
L	L	128	128	128	0	0	0	0	0	L	128	D3G6S4
G	G	129	129	129	0	0	0	0	0	G	129	D3G6S4
Y	Y	130	130	130	0	0	0	0	0	Y	130	D3G6S4
S	S	131	131	131	0	0	0	0	0	S	131	D3G6S4
S	S	132	132	132	0	0	0	0	0	S	132	D3G6S4
I	I	133	133	133	0	0	0	0	0	I	133	D3G6S4
K	K	134	134	134	0	0	0	0	0	K	134	D3G6S4
V	V	135	135	135	0	0	0	0	0	V	135	D3G6S4
S	S	136	136	136	0	0	0	0	0	S	136	D3G6S4
L	L	137	137	137	0	0	0	0	0	L	137	D3G6S4
P	P	138	138	138	0	0	0	0	0	P	138	D3G6S4
V	V	139	139	139	0	0	0	0	0	V	139	D3G6S4
E	E	140	140	140	0	0	0	0	0	E	140	D3G6S4
T	T	141	141	141	0	0	0	0	0	T	141	D3G6S4
A	A	142	142	142	0	0	0	0	0	A	142	D3G6S4
T	T	143	143	143	0	0	0	0	0	T	143	D3G6S4
N	N	144	144	144	0	0	0	0	0	N	144	D3G6S4
T	T	145	145	145	0	0	0	0	0	T	145	D3G6S4
T	T	146	146	146	0	0	0	0	0	T	146	D3G6S4
Y	Y	147	147	147	0	0	0	0	0	Y	147	D3G6S4
L	L	148	148	148	0	0	0	0	0	L	148	D3G6S4
A	A	149	149	149	0	0	0	0	0	A	149	D3G6S4
Y	Y	150	150	150	0	0	0	0	0	Y	150	D3G6S4
Y	Y	151	151	151	0	0	0	0	0	Y	151	D3G6S4
L	L	152	152	152	0	0	0	0	0	L	152	D3G6S4
R	R	153	153	153	0	0	0	0	0	R	153	D3G6S4
W	W	154	154	154	0	0	0	0	0	W	154	D3G6S4
A	A	155	155	155	0	0	0	0	0	A	155	D3G6S4
Q	Q	156	156	156	0	0	0	0	0	Q	156	D3G6S4
R	R	157	157	157	0	0	0	0	0	R	157	D3G6S4
V	V	158	158	158	0	0	0	0	0	V	158	D3G6S4
G	G	159	159	159	0	0	0	0	0	G	159	D3G6S4
G	G	160	160	160	0	0	0	0	0	G	160	D3G6S4
K	K	161	161	161	0	0	0	0	0	K	161	D3G6S4
E	E	162	162	162	0	0	0	0	0	E	162	D3G6S4
V	V	163	163	163	0	0	0	0	0	V	163	D3G6S4
P	P	164	164	164	0	0	0	0	0	P	164	D3G6S4
F	F	165	165	165	0	0	0	0	0	F	165	D3G6S4
V	V	166	166	166	0	0	0	0	0	V	166	D3G6S4
I	I	167	167	167	0	0	0	0	0	I	167	D3G6S4
M	M	168	168	168	0	0	0	0	0	M	168	D3G6S4
T	T	169	169	169	0	0	0	0	0	T	169	D3G6S4
S	S	170	170	170	0	0	0	0	0	S	170	D3G6S4
D	D	171	171	171	0	0	0	0	0	D	171	D3G6S4
D	D	172	172	172	0	0	0	0	0	D	172	D3G6S4
T	T	173	173	173	0	0	0	0	0	T	173	D3G6S4
H	H	174	174	174	0	0	0	0	0	H	174	D3G6S4
D	D	175	175	175	0	0	0	0	0	D	175	D3G6S4
R	R	176	176	176	0	0	0	0	0	R	176	D3G6S4
T	T	177	177	177	0	0	0	0	0	T	177	D3G6S4
L	L	178	178	178	0	0	0	0	0	L	178	D3G6S4
Q	Q	179	179	179	0	0	0	0	0	Q	179	D3G6S4
L	L	180	180	180	0	0	0	0	0	L	180	D3G6S4
L	L	181	181	181	0	0	0	0	0	L	181	D3G6S4
R	R	182	182	182	0	0	0	0	0	R	182	D3G6S4
E	E	183	183	183	0	0	0	0	0	E	183	D3G6S4
L	L	184	184	184	0	0	0	0	0	L	184	D3G6S4
Q	Q	185	185	185	0	0	0	0	0	Q	185	D3G6S4
L	L	186	186	186	0	0	0	0	0	L	186	D3G6S4
E	E	187	187	187	0	0	0	0	0	E	187	D3G6S4
V	V	188	188	188	0	0	0	0	0	V	188	D3G6S4
P	P	189	189	189	0	0	0	0	0	P	189	D3G6S4
N	N	190	190	190	0	0	0	0	0	N	190	D3G6S4
L	L	191	191	191	0	0	0	0	0	L	191	D3G6S4
H	H	192	192	192	0	0	0	0	0	H	192	D3G6S4
V	V	193	193	193	0	0	0	0	0	V	193	D3G6S4
L	L	194	194	194	0	0	0	0	0	L	194	D3G6S4
K	K	195	195	195	0	0	0	0	0	K	195	D3G6S4
Q	Q	196	196	196	0	0	0	0	0	Q	196	D3G6S4
G	G	197	197	197	0	0	0	0	0	G	197	D3G6S4
Q	Q	198	198	198	0	0	0	0	0	Q	198	D3G6S4
V	V	199	199	199	0	0	0	0	0	V	199	D3G6S4
F	F	200	200	200	0	0	0	0	0	F	200	D3G6S4
C	C	201	201	201	0	0	0	0	0	C	201	D3G6S4
F	F	202	202	202	0	0	0	0	0	F	202	D3G6S4
A	A	203	203	203	0	0	0	0	0	A	203	D3G6S4
D	D	204	204	204	0	0	0	0	0	D	204	D3G6S4
S	S	205	205	205	0	0	0	0	0	S	205	D3G6S4
A	A	206	206	206	0	0	0	0	0	A	206	D3G6S4
A	A	207	207	207	0	0	0	0	0	A	207	D3G6S4
H	H	208	208	208	0	0	0	0	0	H	208	D3G6S4
L	L	209	209	209	0	0	0	0	0	L	209	D3G6S4
A	A	210	210	210	0	0	0	0	0	A	210	D3G6S4
L	L	211	211	211	0	0	0	0	0	L	211	D3G6S4
D	D	212	212	212	0	0	0	0	0	D	212	D3G6S4
E	E	213	213	213	0	0	0	0	0	E	213	D3G6S4
T	T	214	214	214	0	0	0	0	0	T	214	D3G6S4
G	G	215	215	215	0	0	0	0	0	G	215	D3G6S4
K	K	216	216	216	0	0	0	0	0	K	216	D3G6S4
L	L	217	217	217	0	0	0	0	0	L	217	D3G6S4
L	L	218	218	218	0	0	0	0	0	L	218	D3G6S4
R	R	219	219	219	0	0	0	0	0	R	219	D3G6S4
K	K	220	220	220	0	0	0	0	0	K	220	D3G6S4
P	P	221	221	221	0	0	0	0	0	P	221	D3G6S4
H	H	222	222	222	0	0	0	0	0	H	222	D3G6S4
G	G	223	223	223	0	0	0	0	0	G	223	D3G6S4
H	H	224	224	224	0	0	0	0	0	H	224	D3G6S4
G	G	225	225	225	0	0	0	0	0	G	225	D3G6S4
D	D	226	226	226	0	0	0	0	0	D	226	D3G6S4
V	V	227	227	227	0	0	0	0	0	V	227	D3G6S4
H	H	228	228	228	0	0	0	0	0	H	228	D3G6S4
S	S	229	229	229	0	0	0	0	0	S	229	D3G6S4
L	L	230	230	230	0	0	0	0	0	L	230	D3G6S4
I	I	231	231	231	0	0	0	0	0	I	231	D3G6S4
Y	Y	232	232	232	0	0	0	0	0	Y	232	D3G6S4
N	N	233	233	233	0	0	0	0	0	N	233	D3G6S4
A	A	234	234	234	0	0	0	0	0	A	234	D3G6S4
T	T	235	235	235	0	0	0	0	0	T	235	D3G6S4
V	V	236	236	236	0	0	0	0	0	V	236	D3G6S4
K	-	237	237	237	1	0	0	0	0			
R	-	238	238	238	1	0	0	0	0			
D	-	239	239	239	1	0	0	0	0			
V	-	240	240	240	1	0	0	0	0			
V	-	241	241	241	1	0	0	0	0			
P	-	242	242	242	1	0	0	0	0			
D	-	243	243	243	1	0	0	0	0			
S	-	244	244	244	1	0	0	0	0			
G	-	245	245	245	1	0	0	0	0			
D	-	246	246	246	1	0	0	0	0			
G	-	247	247	247	1	0	0	0	0			
T	-	248	248	248	1	0	0	0	0			
A	-	249	249	249	1	0	0	0	0			
T	-	250	250	250	1	0	0	0	0			
A	A	251	251	251	0	0	0	0	0	A	251	D3G6S4
Q	Q	252	252	252	0	0	0	0	0	Q	252	D3G6S4
P	P	253	253	253	0	0	0	0	0	P	253	D3G6S4
L	L	254	254	254	0	0	0	0	0	L	254	D3G6S4
V	V	255	255	255	0	0	0	0	0	V	255	D3G6S4
N	N	256	256	256	0	0	0	0	0	N	256	D3G6S4
D	D	257	257	257	0	0	0	0	0	D	257	D3G6S4
W	W	258	258	258	0	0	0	0	0	W	258	D3G6S4
L	L	259	259	259	0	0	0	0	0	L	259	D3G6S4
A	A	260	260	260	0	0	0	0	0	A	260	D3G6S4
A	A	261	261	261	0	0	0	0	0	A	261	D3G6S4
G	G	262	262	262	0	0	0	0	0	G	262	D3G6S4
Y	Y	263	263	263	0	0	0	0	0	Y	263	D3G6S4
E	E	264	264	264	0	0	0	0	0	E	264	D3G6S4
S	S	265	265	265	0	0	0	0	0	S	265	D3G6S4
I	I	266	266	266	0	0	0	0	0	I	266	D3G6S4
V	V	267	267	267	0	0	0	0	0	V	267	D3G6S4
F	F	268	268	268	0	0	0	0	0	F	268	D3G6S4
I	I	269	269	269	0	0	0	0	0	I	269	D3G6S4
Q	Q	270	270	270	0	0	0	0	0	Q	270	D3G6S4
D	D	271	271	271	0	0	0	0	0	D	271	D3G6S4
T	T	272	272	272	0	0	0	0	0	T	272	D3G6S4
N	N	273	273	273	0	0	0	0	0	N	273	D3G6S4
A	A	274	274	274	0	0	0	0	0	A	274	D3G6S4
G	G	275	275	275	0	0	0	0	0	G	275	D3G6S4
A	A	276	276	276	0	0	0	0	0	A	276	D3G6S4
T	T	277	277	277	0	0	0	0	0	T	277	D3G6S4
I	I	278	278	278	0	0	0	0	0	I	278	D3G6S4
T	T	279	279	279	0	0	0	0	0	T	279	D3G6S4
I	I	280	280	280	0	0	0	0	0	I	280	D3G6S4
P	P	281	281	281	0	0	0	0	0	P	281	D3G6S4
I	I	282	282	282	0	0	0	0	0	I	282	D3G6S4
S	S	283	283	283	0	0	0	0	0	S	283	D3G6S4
L	L	284	284	284	0	0	0	0	0	L	284	D3G6S4
A	A	285	285	285	0	0	0	0	0	A	285	D3G6S4
L	L	286	286	286	0	0	0	0	0	L	286	D3G6S4
S	S	287	287	287	0	0	0	0	0	S	287	D3G6S4
A	A	288	288	288	0	0	0	0	0	A	288	D3G6S4
E	E	289	289	289	0	0	0	0	0	E	289	D3G6S4
H	H	290	290	290	0	0	0	0	0	H	290	D3G6S4
S	S	291	291	291	0	0	0	0	0	S	291	D3G6S4
L	L	292	292	292	0	0	0	0	0	L	292	D3G6S4
D	D	293	293	293	0	0	0	0	0	D	293	D3G6S4
M	M	294	294	294	0	0	0	0	0	M	294	D3G6S4
N	N	295	295	295	0	0	0	0	0	N	295	D3G6S4
F	F	296	296	296	0	0	0	0	0	F	296	D3G6S4
T	T	297	297	297	0	0	0	0	0	T	297	D3G6S4
C	C	298	298	298	0	0	0	0	0	C	298	D3G6S4
I	I	299	299	299	0	0	0	0	0	I	299	D3G6S4
P	P	300	300	300	0	0	0	0	0	P	300	D3G6S4
R	R	301	301	301	0	0	0	0	0	R	301	D3G6S4
V	V	302	302	302	0	0	0	0	0	V	302	D3G6S4
P	P	303	303	303	0	0	0	0	0	P	303	D3G6S4
K	K	304	304	304	0	0	0	0	0	K	304	D3G6S4
E	E	305	305	305	0	0	0	0	0	E	305	D3G6S4
P	P	306	306	306	0	0	0	0	0	P	306	D3G6S4
I	I	307	307	307	0	0	0	0	0	I	307	D3G6S4
G	G	308	308	308	0	0	0	0	0	G	308	D3G6S4
L	L	309	309	309	0	0	0	0	0	L	309	D3G6S4
L	L	310	310	310	0	0	0	0	0	L	310	D3G6S4
C	C	311	311	311	0	0	0	0	0	C	311	D3G6S4
R	R	312	312	312	0	0	0	0	0	R	312	D3G6S4
T	T	313	313	313	0	0	0	0	0	T	313	D3G6S4
K	K	314	314	314	0	0	0	0	0	K	314	D3G6S4
K	K	315	315	315	0	0	0	0	0	K	315	D3G6S4
N	N	316	316	316	0	0	0	0	0	N	316	D3G6S4
S	S	317	317	317	0	0	0	0	0	S	317	D3G6S4
G	G	318	318	318	0	0	0	0	0	G	318	D3G6S4
D	D	319	319	319	0	0	0	0	0	D	319	D3G6S4
P	P	320	320	320	0	0	0	0	0	P	320	D3G6S4
W	W	321	321	321	0	0	0	0	0	W	321	D3G6S4
L	L	322	322	322	0	0	0	0	0	L	322	D3G6S4
V	V	323	323	323	0	0	0	0	0	V	323	D3G6S4
A	A	324	324	324	0	0	0	0	0	A	324	D3G6S4
N	N	325	325	325	0	0	0	0	0	N	325	D3G6S4
V	V	326	326	326	0	0	0	0	0	V	326	D3G6S4
E	E	327	327	327	0	0	0	0	0	E	327	D3G6S4
Y	Y	328	328	328	0	0	0	0	0	Y	328	D3G6S4
N	N	329	329	329	0	0	0	0	0	N	329	D3G6S4
V	V	330	330	330	0	0	0	0	0	V	330	D3G6S4
F	F	331	331	331	0	0	0	0	0	F	331	D3G6S4
A	A	332	332	332	0	0	0	0	0	A	332	D3G6S4
E	E	333	333	333	0	0	0	0	0	E	333	D3G6S4
V	V	334	334	334	0	0	0	0	0	V	334	D3G6S4
S	S	335	335	335	0	0	0	0	0	S	335	D3G6S4
R	R	336	336	336	0	0	0	0	0	R	336	D3G6S4
A	A	337	337	337	0	0	0	0	0	A	337	D3G6S4
L	L	338	338	338	0	0	0	0	0	L	338	D3G6S4
N	N	339	339	339	0	0	0	0	0	N	339	D3G6S4
K	K	340	340	340	0	0	0	0	0	K	340	D3G6S4
D	D	341	341	341	0	0	0	0	0	D	341	D3G6S4
G	-	342	342	342	1	0	0	0	0			
G	-	343	343	343	1	0	0	0	0			
D	-	344	344	344	1	0	0	0	0			
E	-	345	345	345	1	0	0	0	0			
V	-	346	346	346	1	0	0	0	0			
S	-	347	347	347	1	0	0	0	0			
D	-	348	348	348	1	0	0	0	0			
P	-	349	349	349	1	0	0	0	0			
T	-	350	350	350	1	0	0	0	0			
G	G	351	351	351	0	0	0	0	0	G	351	D3G6S4
F	F	352	352	352	0	0	0	0	0	F	352	D3G6S4
S	S	353	353	353	0	0	0	0	0	S	353	D3G6S4
P	P	354	354	354	0	0	0	0	0	P	354	D3G6S4
F	F	355	355	355	0	0	0	0	0	F	355	D3G6S4
P	P	356	356	356	0	0	0	0	0	P	356	D3G6S4
G	G	357	357	357	0	0	0	0	0	G	357	D3G6S4
S	S	358	358	358	0	0	0	0	0	S	358	D3G6S4
V	V	359	359	359	0	0	0	0	0	V	359	D3G6S4
N	N	360	360	360	0	0	0	0	0	N	360	D3G6S4
T	T	361	361	361	0	0	0	0	0	T	361	D3G6S4
L	L	362	362	362	0	0	0	0	0	L	362	D3G6S4
V	V	363	363	363	0	0	0	0	0	V	363	D3G6S4
F	F	364	364	364	0	0	0	0	0	F	364	D3G6S4
K	K	365	365	365	0	0	0	0	0	K	365	D3G6S4
L	L	366	366	366	0	0	0	0	0	L	366	D3G6S4
S	S	367	367	367	0	0	0	0	0	S	367	D3G6S4
S	S	368	368	368	0	0	0	0	0	S	368	D3G6S4
Y	Y	369	369	369	0	0	0	0	0	Y	369	D3G6S4
V	V	370	370	370	0	0	0	0	0	V	370	D3G6S4
D	D	371	371	371	0	0	0	0	0	D	371	D3G6S4
R	R	372	372	372	0	0	0	0	0	R	372	D3G6S4
L	L	373	373	373	0	0	0	0	0	L	373	D3G6S4
R	R	374	374	374	0	0	0	0	0	R	374	D3G6S4
E	E	375	375	375	0	0	0	0	0	E	375	D3G6S4
S	S	376	376	376	0	0	0	0	0	S	376	D3G6S4
H	H	377	377	377	0	0	0	0	0	H	377	D3G6S4
G	G	378	378	378	0	0	0	0	0	G	378	D3G6S4
I	I	379	379	379	0	0	0	0	0	I	379	D3G6S4
V	V	380	380	380	0	0	0	0	0	V	380	D3G6S4
P	P	381	381	381	0	0	0	0	0	P	381	D3G6S4
E	E	382	382	382	0	0	0	0	0	E	382	D3G6S4
F	F	383	383	383	0	0	0	0	0	F	383	D3G6S4
I	I	384	384	384	0	0	0	0	0	I	384	D3G6S4
N	N	385	385	385	0	0	0	0	0	N	385	D3G6S4
P	P	386	386	386	0	0	0	0	0	P	386	D3G6S4
K	K	387	387	387	0	0	0	0	0	K	387	D3G6S4
Y	Y	388	388	388	0	0	0	0	0	Y	388	D3G6S4
S	S	389	389	389	0	0	0	0	0	S	389	D3G6S4
D	D	390	390	390	0	0	0	0	0	D	390	D3G6S4
E	E	391	391	391	0	0	0	0	0	E	391	D3G6S4
T	T	392	392	392	0	0	0	0	0	T	392	D3G6S4
R	R	393	393	393	0	0	0	0	0	R	393	D3G6S4
R	R	394	394	394	0	0	0	0	0	R	394	D3G6S4
S	S	395	395	395	0	0	0	0	0	S	395	D3G6S4
F	F	396	396	396	0	0	0	0	0	F	396	D3G6S4
K	K	397	397	397	0	0	0	0	0	K	397	D3G6S4
K	K	398	398	398	0	0	0	0	0	K	398	D3G6S4
P	P	399	399	399	0	0	0	0	0	P	399	D3G6S4
A	A	400	400	400	0	0	0	0	0	A	400	D3G6S4
R	R	401	401	401	0	0	0	0	0	R	401	D3G6S4
I	I	402	402	402	0	0	0	0	0	I	402	D3G6S4
E	E	403	403	403	0	0	0	0	0	E	403	D3G6S4
S	S	404	404	404	0	0	0	0	0	S	404	D3G6S4
L	L	405	405	405	0	0	0	0	0	L	405	D3G6S4
M	M	406	406	406	0	0	0	0	0	M	406	D3G6S4
Q	Q	407	407	407	0	0	0	0	0	Q	407	D3G6S4
D	D	408	408	408	0	0	0	0	0	D	408	D3G6S4
I	I	409	409	409	0	0	0	0	0	I	409	D3G6S4
A	A	410	410	410	0	0	0	0	0	A	410	D3G6S4
L	L	411	411	411	0	0	0	0	0	L	411	D3G6S4
L	L	412	412	412	0	0	0	0	0	L	412	D3G6S4
F	F	413	413	413	0	0	0	0	0	F	413	D3G6S4
S	S	414	414	414	0	0	0	0	0	S	414	D3G6S4
E	E	415	415	415	0	0	0	0	0	E	415	D3G6S4
D	D	416	416	416	0	0	0	0	0	D	416	D3G6S4
D	D	417	417	417	0	0	0	0	0	D	417	D3G6S4
Y	Y	418	418	418	0	0	0	0	0	Y	418	D3G6S4
R	R	419	419	419	0	0	0	0	0	R	419	D3G6S4
V	V	420	420	420	0	0	0	0	0	V	420	D3G6S4
G	G	421	421	421	0	0	0	0	0	G	421	D3G6S4
G	G	422	422	422	0	0	0	0	0	G	422	D3G6S4
T	T	423	423	423	0	0	0	0	0	T	423	D3G6S4
V	V	424	424	424	0	0	0	0	0	V	424	D3G6S4
F	F	425	425	425	0	0	0	0	0	F	425	D3G6S4
E	E	426	426	426	0	0	0	0	0	E	426	D3G6S4
R	R	427	427	427	0	0	0	0	0	R	427	D3G6S4
F	F	428	428	428	0	0	0	0	0	F	428	D3G6S4
S	S	429	429	429	0	0	0	0	0	S	429	D3G6S4
Y	Y	430	430	430	0	0	0	0	0	Y	430	D3G6S4
Q	Q	431	431	431	0	0	0	0	0	Q	431	D3G6S4
P	P	432	432	432	0	0	0	0	0	P	432	D3G6S4
V	V	433	433	433	0	0	0	0	0	V	433	D3G6S4
K	K	434	434	434	0	0	0	0	0	K	434	D3G6S4
N	N	435	435	435	0	0	0	0	0	N	435	D3G6S4
S	S	436	436	436	0	0	0	0	0	S	436	D3G6S4
L	L	437	437	437	0	0	0	0	0	L	437	D3G6S4
E	E	438	438	438	0	0	0	0	0	E	438	D3G6S4
E	E	439	439	439	0	0	0	0	0	E	439	D3G6S4
A	A	440	440	440	0	0	0	0	0	A	440	D3G6S4
A	A	441	441	441	0	0	0	0	0	A	441	D3G6S4
G	G	442	442	442	0	0	0	0	0	G	442	D3G6S4
L	L	443	443	443	0	0	0	0	0	L	443	D3G6S4
V	V	444	444	444	0	0	0	0	0	V	444	D3G6S4
A	A	445	445	445	0	0	0	0	0	A	445	D3G6S4
Q	Q	446	446	446	0	0	0	0	0	Q	446	D3G6S4
G	G	447	447	447	0	0	0	0	0	G	447	D3G6S4
N	N	448	448	448	0	0	0	0	0	N	448	D3G6S4
G	G	449	449	449	0	0	0	0	0	G	449	D3G6S4
A	A	450	450	450	0	0	0	0	0	A	450	D3G6S4
Y	Y	451	451	451	0	0	0	0	0	Y	451	D3G6S4
C	C	452	452	452	0	0	0	0	0	C	452	D3G6S4
A	A	453	453	453	0	0	0	0	0	A	453	D3G6S4
A	A	454	454	454	0	0	0	0	0	A	454	D3G6S4
T	T	455	455	455	0	0	0	0	0	T	455	D3G6S4
G	G	456	456	456	0	0	0	0	0	G	456	D3G6S4
E	E	457	457	457	0	0	0	0	0	E	457	D3G6S4
A	A	458	458	458	0	0	0	0	0	A	458	D3G6S4
A	A	459	459	459	0	0	0	0	0	A	459	D3G6S4
F	F	460	460	460	0	0	0	0	0	F	460	D3G6S4
Y	Y	461	461	461	0	0	0	0	0	Y	461	D3G6S4
E	E	462	462	462	0	0	0	0	0	E	462	D3G6S4
L	L	463	463	463	0	0	0	0	0	L	463	D3G6S4
Q	Q	464	464	464	0	0	0	0	0	Q	464	D3G6S4
R	R	465	465	465	0	0	0	0	0	R	465	D3G6S4
R	R	466	466	466	0	0	0	0	0	R	466	D3G6S4
R	R	467	467	467	0	0	0	0	0	R	467	D3G6S4
L	L	468	468	468	0	0	0	0	0	L	468	D3G6S4
K	K	469	469	469	0	0	0	0	0	K	469	D3G6S4
A	A	470	470	470	0	0	0	0	0	A	470	D3G6S4
I	I	471	471	471	0	0	0	0	0	I	471	D3G6S4
G	G	472	472	472	0	0	0	0	0	G	472	D3G6S4
L	L	473	473	473	0	0	0	0	0	L	473	D3G6S4
P	P	474	474	474	0	0	0	0	0	P	474	D3G6S4
L	L	475	475	475	0	0	0	0	0	L	475	D3G6S4
F	F	476	476	476	0	0	0	0	0	F	476	D3G6S4
Y	Y	477	477	477	0	0	0	0	0	Y	477	D3G6S4
S	S	478	478	478	0	0	0	0	0	S	478	D3G6S4
S	S	479	479	479	0	0	0	0	0	S	479	D3G6S4
Q	Q	480	480	480	0	0	0	0	0	Q	480	D3G6S4
P	P	481	481	481	0	0	0	0	0	P	481	D3G6S4
E	E	482	482	482	0	0	0	0	0	E	482	D3G6S4
V	V	483	483	483	0	0	0	0	0	V	483	D3G6S4
T	T	484	484	484	0	0	0	0	0	T	484	D3G6S4
V	V	485	485	485	0	0	0	0	0	V	485	D3G6S4
A	A	486	486	486	0	0	0	0	0	A	486	D3G6S4
K	K	487	487	487	0	0	0	0	0	K	487	D3G6S4
D	D	488	488	488	0	0	0	0	0	D	488	D3G6S4
A	A	489	489	489	0	0	0	0	0	A	489	D3G6S4
F	F	490	490	490	0	0	0	0	0	F	490	D3G6S4
G	G	491	491	491	0	0	0	0	0	G	491	D3G6S4
V	V	492	492	492	0	0	0	0	0	V	492	D3G6S4
R	R	493	493	493	0	0	0	0	0	R	493	D3G6S4
L	L	494	494	494	0	0	0	0	0	L	494	D3G6S4
F	F	495	495	495	0	0	0	0	0	F	495	D3G6S4
P	P	496	496	496	0	0	0	0	0	P	496	D3G6S4
I	I	497	497	497	0	0	0	0	0	I	497	D3G6S4
I	I	498	498	498	0	0	0	0	0	I	498	D3G6S4
V	V	499	499	499	0	0	0	0	0	V	499	D3G6S4
L	L	500	500	500	0	0	0	0	0	L	500	D3G6S4
D	D	501	501	501	0	0	0	0	0	D	501	D3G6S4
T	T	502	502	502	0	0	0	0	0	T	502	D3G6S4
V	V	503	503	503	0	0	0	0	0	V	503	D3G6S4
C	C	504	504	504	0	0	0	0	0	C	504	D3G6S4
A	A	505	505	505	0	0	0	0	0	A	505	D3G6S4
S	S	506	506	506	0	0	0	0	0	S	506	D3G6S4
S	S	507	507	507	0	0	0	0	0	S	507	D3G6S4
G	G	508	508	508	0	0	0	0	0	G	508	D3G6S4
S	S	509	509	509	0	0	0	0	0	S	509	D3G6S4
L	L	510	510	510	0	0	0	0	0	L	510	D3G6S4
D	D	511	511	511	0	0	0	0	0	D	511	D3G6S4
D	D	512	512	512	0	0	0	0	0	D	512	D3G6S4
L	L	513	513	513	0	0	0	0	0	L	513	D3G6S4
A	A	514	514	514	0	0	0	0	0	A	514	D3G6S4
R	R	515	515	515	0	0	0	0	0	R	515	D3G6S4
V	V	516	516	516	0	0	0	0	0	V	516	D3G6S4
F	F	517	517	517	0	0	0	0	0	F	517	D3G6S4
P	P	518	518	518	0	0	0	0	0	P	518	D3G6S4
T	T	519	519	519	0	0	0	0	0	T	519	D3G6S4
P	P	520	520	520	0	0	0	0	0	P	520	D3G6S4
E	E	521	521	521	0	0	0	0	0	E	521	D3G6S4
K	K	522	522	522	0	0	0	0	0	K	522	D3G6S4
V	V	523	523	523	0	0	0	0	0	V	523	D3G6S4
H	H	524	524	524	0	0	0	0	0	H	524	D3G6S4
I	I	525	525	525	0	0	0	0	0	I	525	D3G6S4
D	D	526	526	526	0	0	0	0	0	D	526	D3G6S4
Q	Q	527	527	527	0	0	0	0	0	Q	527	D3G6S4
H	H	528	528	528	0	0	0	0	0	H	528	D3G6S4
S	S	529	529	529	0	0	0	0	0	S	529	D3G6S4
T	T	530	530	530	0	0	0	0	0	T	530	D3G6S4
L	L	531	531	531	0	0	0	0	0	L	531	D3G6S4
I	I	532	532	532	0	0	0	0	0	I	532	D3G6S4
V	V	533	533	533	0	0	0	0	0	V	533	D3G6S4
E	E	534	534	534	0	0	0	0	0	E	534	D3G6S4
G	G	535	535	535	0	0	0	0	0	G	535	D3G6S4
R	R	536	536	536	0	0	0	0	0	R	536	D3G6S4
V	V	537	537	537	0	0	0	0	0	V	537	D3G6S4
I	I	538	538	538	0	0	0	0	0	I	538	D3G6S4
I	I	539	539	539	0	0	0	0	0	I	539	D3G6S4
E	E	540	540	540	0	0	0	0	0	E	540	D3G6S4
S	S	541	541	541	0	0	0	0	0	S	541	D3G6S4
L	L	542	542	542	0	0	0	0	0	L	542	D3G6S4
E	E	543	543	543	0	0	0	0	0	E	543	D3G6S4
L	L	544	544	544	0	0	0	0	0	L	544	D3G6S4
Y	Y	545	545	545	0	0	0	0	0	Y	545	D3G6S4
G	G	546	546	546	0	0	0	0	0	G	546	D3G6S4
A	A	547	547	547	0	0	0	0	0	A	547	D3G6S4
L	L	548	548	548	0	0	0	0	0	L	548	D3G6S4
T	T	549	549	549	0	0	0	0	0	T	549	D3G6S4
I	I	550	550	550	0	0	0	0	0	I	550	D3G6S4
R	R	551	551	551	0	0	0	0	0	R	551	D3G6S4
G	G	552	552	552	0	0	0	0	0	G	552	D3G6S4
P	P	553	553	553	0	0	0	0	0	P	553	D3G6S4
T	T	554	554	554	0	0	0	0	0	T	554	D3G6S4
D	D	555	555	555	0	0	0	0	0	D	555	D3G6S4
S	S	556	556	556	0	0	0	0	0	S	556	D3G6S4
M	M	557	557	557	0	0	0	0	0	M	557	D3G6S4
A	A	558	558	558	0	0	0	0	0	A	558	D3G6S4
L	L	559	559	559	0	0	0	0	0	L	559	D3G6S4
P	P	560	560	560	0	0	0	0	0	P	560	D3G6S4
H	H	561	561	561	0	0	0	0	0	H	561	D3G6S4
V	V	562	562	562	0	0	0	0	0	V	562	D3G6S4
V	V	563	563	563	0	0	0	0	0	V	563	D3G6S4
R	R	564	564	564	0	0	0	0	0	R	564	D3G6S4
N	N	565	565	565	0	0	0	0	0	N	565	D3G6S4
A	A	566	566	566	0	0	0	0	0	A	566	D3G6S4
V	V	567	567	567	0	0	0	0	0	V	567	D3G6S4
V	V	568	568	568	0	0	0	0	0	V	568	D3G6S4
R	R	569	569	569	0	0	0	0	0	R	569	D3G6S4
N	N	570	570	570	0	0	0	0	0	N	570	D3G6S4
A	A	571	571	571	0	0	0	0	0	A	571	D3G6S4
G	G	572	572	572	0	0	0	0	0	G	572	D3G6S4
W	W	573	573	573	0	0	0	0	0	W	573	D3G6S4
S	S	574	574	574	0	0	0	0	0	S	574	D3G6S4
V	V	575	575	575	0	0	0	0	0	V	575	D3G6S4
H	H	576	576	576	0	0	0	0	0	H	576	D3G6S4
A	A	577	577	577	0	0	0	0	0	A	577	D3G6S4
I	I	578	578	578	0	0	0	0	0	I	578	D3G6S4
L	L	579	579	579	0	0	0	0	0	L	579	D3G6S4
S	S	580	580	580	0	0	0	0	0	S	580	D3G6S4
L	L	581	581	581	0	0	0	0	0	L	581	D3G6S4
C	C	582	582	582	0	0	0	0	0	C	582	D3G6S4
A	A	583	583	583	0	0	0	0	0	A	583	D3G6S4
G	G	584	584	584	0	0	0	0	0	G	584	D3G6S4
R	R	585	585	585	0	0	0	0	0	R	585	D3G6S4
D	D	586	586	586	0	0	0	0	0	D	586	D3G6S4
S	S	587	587	587	0	0	0	0	0	S	587	D3G6S4
R	R	588	588	588	0	0	0	0	0	R	588	D3G6S4
L	L	589	589	589	0	0	0	0	0	L	589	D3G6S4
S	S	590	590	590	0	0	0	0	0	S	590	D3G6S4
E	E	591	591	591	0	0	0	0	0	E	591	D3G6S4
V	V	592	592	592	0	0	0	0	0	V	592	D3G6S4
D	D	593	593	593	0	0	0	0	0	D	593	D3G6S4
R	R	594	594	594	0	0	0	0	0	R	594	D3G6S4
I	I	595	595	595	0	0	0	0	0	I	595	D3G6S4
R	R	596	596	596	0	0	0	0	0	R	596	D3G6S4
G	G	597	597	597	0	0	0	0	0	G	597	D3G6S4
F	F	598	598	598	0	0	0	0	0	F	598	D3G6S4
V	V	599	599	599	0	0	0	0	0	V	599	D3G6S4
L	L	600	600	600	0	0	0	0	0	L	600	D3G6S4
K	K	601	601	601	0	0	0	0	0	K	601	D3G6S4
K	K	602	602	602	0	0	0	0	0	K	602	D3G6S4
T	T	603	603	603	0	0	0	0	0	T	603	D3G6S4
A	A	604	604	604	0	0	0	0	0	A	604	D3G6S4
M	M	605	605	605	0	0	0	0	0	M	605	D3G6S4
A	A	606	606	606	0	0	0	0	0	A	606	D3G6S4
V	V	607	607	607	0	0	0	0	0	V	607	D3G6S4
M	M	608	608	608	0	0	0	0	0	M	608	D3G6S4
D	D	609	609	609	0	0	0	0	0	D	609	D3G6S4
C	C	610	610	610	0	0	0	0	0	C	610	D3G6S4
N	-	611	611	611	1	0	0	0	0			
T	-	612	612	612	1	0	0	0	0			
K	-	613	613	613	1	0	0	0	0			
G	-	614	614	614	1	0	0	0	0			
E	-	615	615	615	1	0	0	0	0			
S	-	616	616	616	1	0	0	0	0			
E	-	617	617	617	1	0	0	0	0			
A	-	618	618	618	1	0	0	0	0			
G	-	619	619	619	1	0	0	0	0			
A	-	620	620	620	1	0	0	0	0			
P	-	621	621	621	1	0	0	0	0			
S	-	622	622	622	1	0	0	0	0			
G	-	623	623	623	1	0	0	0	0			
A	-	624	624	624	1	0	0	0	0			
A	-	625	625	625	1	0	0	0	0			
D	-	626	626	626	1	0	0	0	0			
P	-	627	627	627	1	0	0	0	0			
A	-	628	628	628	1	0	0	0	0			
K	-	629	629	629	1	0	0	0	0			
L	-	630	630	630	1	0	0	0	0			
M	-	631	631	631	1	0	0	0	0			
R	-	632	632	632	1	0	0	0	0			
R	-	633	633	633	1	0	0	0	0			
L	-	634	634	634	1	0	0	0	0			
E	-	635	635	635	1	0	0	0	0			
H	-	636	636	636	1	0	0	0	0			
H	-	637	637	637	1	0	0	0	0			
H	-	638	638	638	1	0	0	0	0			
H	-	639	639	639	1	0	0	0	0			
H	-	640	640	640	1	0	0	0	0			
H	-	641	641	641	1	0	0	0	0			
